CATMULL_ROM
35
8

3 3
0 7
-3 3
-7 0
-3 -3
0 -7
3 -3
7 0
3
0 0 0 0
0 0 0

3 3
0 7
-3 3
-7 0
-3 -3
0 -7
3 -3
7 0
2.5
0.62831 0 1 0
0 -1 0

3 3
0 7
-3 3
-7 0
-3 -3
0 -7
3 -3
7 0
2.5
1.25662 0 1 0
0 -2 0

3 3
0 7
-3 3
-7 0
-3 -3
0 -7
3 -3
7 0
2.0
1.88493 0 1 0
0 -3 0

3 3
0 7
-3 3
-7 0
-3 -3
0 -7
3 -3
7 0
1.8
2.51324 0 1 0
0 -4 0

3 3
0 7
-3 3
-7 0
-3 -3
0 -7
3 -3
7 0
1.5
1.88493 0 1 0
0 -5 0

3 3
0 7
-3 3
-7 0
-3 -3
0 -7
3 -3
7 0
1.3
1.25662 0 1 0
0 -6 0

3 3
0 7
-3 3
-7 0
-3 -3
0 -7
3 -3
7 0
1.0
0.62831 0 1 0
0 -7 0

3 3
0 7
-3 3
-7 0
-3 -3
0 -7
3 -3
7 0
0.8
1.25662 0 1 0
0 -8 0

3 3
0 7
-3 3
-7 0
-3 -3
0 -7
3 -3
7 0
0.5
1.88493 0 1 0
0 -9.5 0

3 3
0 7
-3 3
-7 0
-3 -3
0 -7
3 -3
7 0
0.4
2.51324 0 1 0
0 -12 0

3 3
0 7
-3 3
-7 0
-3 -3
0 -7
3 -3
7 0
0.4
2.51324 0 1 0
0 -10 0

3 3
0 7
-3 3
-7 0
-3 -3
0 -7
3 -3
7 0
0.4
1.88493 0 1 0
0 -10 0

3 3
0 7
-3 3
-7 0
-3 -3
0 -7
3 -3
7 0
0.4
2.51324 0 1 0
0 -5 0

3 3
0 7
-3 3
-7 0
-3 -3
0 -7
3 -3
7 0
0.4
3.141592 0 1 0
0 1 0

3 3
0 7
-3 3
-7 0
-3 -3
0 -7
3 -3
7 0
0.4
1.5707 0 0 1
-5 0 0

3 3
0 7
-3 3
-7 0
-3 -3
0 -7
3 -3
7 0
0.4
-1.5707 0 0 1
-5 5 0

3 3
0 7
-3 3
-7 0
-3 -3
0 -7
3 -3
7 0
0.5
-0.7853 0 0 1
-3 7 0

3 3
0 7
-3 3
-7 0
-3 -3
0 -7
3 -3
7 0
0.6
-0.38 0 0 1
-1 9 0

3 3
0 7
-3 3
-7 0
-3 -3
0 -7
3 -3
7 0
0.6
0 0 0 0
0 10 0

3 3
0 7
-3 3
-7 0
-3 -3
0 -7
3 -3
7 0
0.6
0.7853 0 1 0
0 12 0

3 3
0 7
-3 3
-7 0
-3 -3
0 -7
3 -3
7 0
0.7
1.5707 0 1 0
0 14 0

3 3
0 7
-3 3
-7 0
-3 -3
0 -7
3 -3
1.2
3.1415 0 1 0
0 16 0

3 3
0 7
-3 3
-7 0
-3 -3
0 -7
3 -3
7 0
1.5
3.1415 0 1 0
0 20 0

3 3
0 7
-3 3
-7 0
-3 -3
0 -7
3 -3
7 0
1.7
3.1415 0 1 0
0 22 0

3 3
0 7
-3 3
-7 0
-3 -3
0 -7
3 -3
7 0
2.3
1.5707 0 1 0
0 25 0

3 3
0 7
-3 3
-7 0
-3 -3
0 -7
3 -3
7 0
1.5
3.1415 0 1 0
0 22 0

3 3
0 7
-3 3
-7 0
-3 -3
0 -7
3 -3
7 0
1.2
3.1415 0 1 0
0 20 0

3 3
0 7
-3 3
-7 0
-3 -3
0 -7
3 -3
7 0
1.1
3.1415 0 1 0
0 17 0

3 3
0 7
-3 3
-7 0
-3 -3
0 -7
3 -3
7 0
0.8
0 0 0 0
0 20 0

3 3
0 7
-3 3
-7 0
-3 -3
0 -7
3 -3
7 0
0.8
1.5707 0 1 0
0 25 0

3 3
0 7
-3 3
-7 0
-3 -3
0 -7
3 -3
7 0
0.8
-0.7853 0 1 0
2 25 0

3 3
0 7
-3 3
-7 0
-3 -3
0 -7
3 -3
7 0
0.8
-0.7853 0 1 0
4 26 0

3 3
0 7
-3 3
-7 0
-3 -3
0 -7
3 -3
7 0
0.8
0 0 0 0
4 27 0

3 3
0 7
-3 3
-7 0
-3 -3
0 -7
3 -3
7 0
0.8
1.5707 0 1 0
4 30 0
